988 3
1345
2580 7
3784
5303 12
5393
10899 30
12007
20368 61
20727
22857 68
23844
25978 75
26060
26657 77
31014
33129 62
33488
35308 90
36295
38429 97
38514
39111 99
42034 63
42101 64
42168 65
42235 66
42302 99
43605
45728 63
46087
47911 112
48898
51048 119
51130
51731 121
55523
57642 64
58001
59825 134
60812
62962 141
63048
63653 143
67907
70030 65
70389
72213 156
73200
75350 163
75439
76044 165
79348
81471 66
81830
83654 178
84641
86791 185
86874
87479 187
90473
95658 204
96017
96628 206
97615
100673 216
100755
101360 218
103482
120771 276
120825
121125 277
121182
121482 278
121536
121836 279
121894
122194 280
122255
122555 281
122610
124473 287
124575
