988 3
1345
2580 7
3784
5303 12
5393
10899 30
12007
20368 61
20727
22857 68
23844
25978 75
26060
26657 77
31014
33129 62
33488
35308 90
36295
38429 97
38514
39111 99
40767 63
40834 64
40901 65
40968 66
41035 99
43605
45728 63
46087
47911 112
48898
51048 119
51130
51731 121
55523
57642 64
58001
59825 134
60812
62962 141
63048
63653 143
67907
70030 65
70389
72213 156
73200
75350 163
75439
76044 165
79348
81471 66
81830
83654 178
84641
86791 185
86874
87479 187
90473
95658 204
96017
96628 206
97615
100673 216
100755
101360 218
109157
110068 221
110153
110750 223
118572
119483 226
119565
120170 228
127966
128877 231
128963
129560 233
137385
138296 236
138385
138990 238
146836
147747 241
147830
148435 243
156216
167161 282
167520
169666 289
170653
172803 296
172885
175018 303
175194
178550 283
178909
180438 319
180492
180799 320
181786
183928 327
184013
186134 334
186316
189656 284
190015
191540 350
191597
191904 351
192891
195041 358
195123
197260 365
197436
200776 285
201135
202672 381
202726
203033 382
204020
206170 389
206256
208393 396
208577
211933 286
212292
213821 412
213879
214186 413
215173
217323 420
217412
219549 427
219739
223079 287
223438
224971 443
225032
225339 444
226326
228476 451
228559
230692 458
230870
235439 473
235494
237361 479
237463
