988 3
1345
2580 7
3742
5261 12
5351
10857 30
11965
20326 61
20685
22815 68
23802
25936 75
26018
26615 77
30972
33087 62
33446
35266 90
36253
38387 97
38472
39069 99
40725 63
40792 64
40859 65
40926 66
40993 99
43563
45686 63
46045
47869 112
48856
51006 119
51088
51689 121
55481
57600 64
57959
59783 134
60770
62920 141
63006
63611 143
67865
69988 65
70347
72171 156
73158
75308 163
75397
76002 165
79306
81429 66
81788
83612 178
84599
86749 185
86832
87437 187
90431
95616 204
95975
96586 206
97573
100325 215
100556
100862 216
100944
101549 218
103671
120960 276
121014
121314 277
121371
121671 278
121725
122025 279
122083
122383 280
122444
122744 281
122799
124662 287
124764
